.Random.seed <-
c(403L, 10L, 478778710L, -2044607023L, 667426179L, -1427266542L, 
-731115612L, -694073497L, 1594397885L, -1718631372L, -2063374438L, 
538276837L, 1364979583L, 1745727238L, -269916016L, 1257095475L, 
89192145L, -195754880L, -2030672546L, 911415977L, -595729061L, 
1022793578L, 412573196L, -1047243185L, 2038938373L, 549198780L, 
-1032778094L, -365441651L, 1531248071L, 821477038L, 1957418760L, 
502629643L, -1309887511L, -551091016L, 175010662L, -1646872575L, 
266020499L, 356768066L, -6818060L, 1476387575L, -847498515L, 
1639419268L, -372300886L, -245901035L, -772385873L, 96988086L, 
-908529184L, 1708609827L, 2119468609L, -1148622544L, 179903310L, 
1308721593L, 376085451L, -1014067078L, 1838952828L, -2103131713L, 
-908542315L, -271563604L, 813903490L, -1805261219L, 1884244311L, 
-1313680322L, -738445192L, 1791779675L, 1478270649L, -241290488L, 
316279222L, 931665649L, -1493860061L, -384183438L, 597678532L, 
-511385209L, 707369821L, 373347668L, 1797937018L, 1097397957L, 
358905887L, -1272356954L, -1523097296L, 1667857363L, -554982927L, 
-1149376736L, -552554050L, -1995669047L, 494957947L, 149168970L, 
-113925204L, -102413649L, 1716222053L, 1303885852L, -1318693262L, 
-1802540819L, 828188967L, -2056956594L, 196801960L, 848220587L, 
-1288066359L, 1236900568L, 554116998L, -1662797215L, 536896499L, 
282326626L, 1813713108L, 1839946199L, -1062286387L, -518406300L, 
-848893110L, 751041205L, -1153922545L, -676197610L, -842832448L, 
1697953155L, -318243935L, 1243333520L, -370810770L, 315237913L, 
-82049365L, -960775526L, 490317404L, 763179871L, 2089839925L, 
-767337268L, -1638603230L, 1842813053L, 657858935L, -1051963746L, 
6372696L, 1630071995L, 1313935961L, 2021259752L, -86017002L, 
810600337L, 1008683075L, -659427502L, -700656668L, -394597849L, 
-1409965443L, 1658559348L, -599771302L, -545640027L, 838675903L, 
505187910L, 2005408976L, 2094282483L, 1887924241L, -123226560L, 
-1423451618L, -1063398167L, 2049875483L, 899849770L, 1973829964L, 
-1840616689L, -152240571L, 549062652L, -1926750638L, 285574093L, 
-1919013497L, -2017466258L, -1420431288L, 1339720267L, -1167220823L, 
-2112753928L, 32418342L, -1960656063L, -1104385837L, 37473410L, 
454421172L, -2015347145L, -76520147L, -1617015228L, -1636920470L, 
1278689237L, 487352687L, -1365465994L, 96300960L, 377354339L, 
916970753L, 1474490480L, -22635506L, -225166215L, -897790965L, 
1394664762L, 61551676L, 973767551L, 1221742805L, -516512532L, 
-9388478L, -625307235L, 1925891095L, 1512642942L, -1730527432L, 
-366118885L, 1144584569L, -757817400L, 351929334L, -2137434575L, 
779546723L, -1115926478L, 1888693636L, 1795920839L, -316778851L, 
1355972116L, -358218566L, -364809979L, -2143948065L, -1552179354L, 
1995175664L, -585953773L, -1598699599L, -992538016L, 791916542L, 
1426300809L, -1172784965L, 914797706L, -1360509076L, 548017391L, 
-1184137435L, -818157092L, -718907470L, 904027821L, -1173596569L, 
1500587406L, -168340888L, 898207339L, 795273225L, 1694471832L, 
-439791162L, 14188833L, 1844777395L, 2015995308L, 949264188L, 
98797426L, 1566530352L, -1521262044L, 443799608L, 480937178L, 
881076624L, -1427126532L, -1089949804L, 1929415490L, -1165606400L, 
-1373185476L, -503988656L, 82811554L, 644029256L, -639925748L, 
-1668756260L, -11027886L, -1959483264L, 137935700L, 675609064L, 
262499066L, -918571184L, -831079380L, 1271182708L, 1772832402L, 
-1741727136L, 1834836620L, -1011467424L, -1000160542L, 167157928L, 
1105051852L, 913213948L, 13864882L, -1343457808L, -634968636L, 
-227156136L, -1370076294L, -1300744784L, -334579268L, 581888084L, 
-1720841278L, -366607584L, -478666820L, -1047893424L, 2131860962L, 
14725480L, 678301004L, -1084913412L, 388850418L, 1023760128L, 
627279476L, 867469320L, -1815463494L, 1849317328L, 1676474860L, 
1485000596L, 810152658L, 819236448L, -825760436L, -476375776L, 
410022530L, 1675995624L, 2085062636L, -868272580L, -1153675662L, 
1499612016L, 1227213092L, 37139000L, 1119740314L, -1935603248L, 
1139654076L, -1582741356L, 1596464258L, 1774478784L, -73243844L, 
-1441205104L, -2046508254L, 1627164168L, -1115935476L, 564442524L, 
894426642L, -192607360L, -748109036L, 730476840L, 344108090L, 
-1418073136L, -4652436L, 1505638964L, 1971845778L, 1339907424L, 
1029908812L, -233367584L, -1607707230L, -1229857368L, 302966412L, 
1531715004L, 2130407026L, -706667536L, 47986244L, -866330536L, 
-880617414L, 995592304L, -246581188L, -1928111852L, -356842814L, 
866733792L, -1403746180L, -146018608L, -594691678L, -536383448L, 
-2021680372L, -1365749316L, -162434254L, 338426560L, 1661813812L, 
-1774905656L, 906286266L, 1264072336L, -220803348L, -574322092L, 
1229857426L, 1249263904L, 1709017548L, -100908320L, 1191491778L, 
-1666239448L, -293914708L, -1032101188L, 1429679090L, 1738640944L, 
-2139568220L, 750333368L, -2083985574L, -513183600L, -447175812L, 
1244139796L, 1068820802L, -1308317440L, 438152636L, -376370864L, 
694602018L, 1224008264L, -987011060L, 785573468L, 308529618L, 
-1484280320L, 1985248596L, 2036174056L, -1487681286L, -619233584L, 
-39040212L, -272570124L, -1569431150L, 237479264L, -1249537012L, 
-253129504L, -1634045342L, 1149166760L, 1693942860L, 2026241916L, 
-420366030L, -468123024L, 545862468L, 326319064L, -127636614L, 
213260336L, -1328250948L, -1011676588L, 1806135362L, 1742956192L, 
2009539260L, -511482928L, 811996514L, -2041102616L, -1547051828L, 
314456572L, -215507470L, -378856320L, 1923766772L, -1652415864L, 
1447500602L, 1718216016L, -1973328788L, 37498260L, 1895262290L, 
-632889888L, -1780820788L, 1384750752L, 166736258L, 254050536L, 
1492019948L, 123313468L, 1053927538L, 1241481840L, 531520036L, 
-655833032L, -1444792038L, -158538544L, -392652484L, 618673044L, 
-964266110L, 2056760256L, 551171644L, 1232470416L, -1304188894L, 
2135649544L, 543000716L, -693940452L, -1139024750L, -814199424L, 
-1641664492L, -1317247192L, -1811315142L, 1312049616L, -1083121300L, 
-377660492L, -562925038L, -986990624L, -1530062388L, -509028128L, 
2129843234L, -1424327896L, -494360052L, -54930628L, 350611442L, 
-1535743362L, 1325757036L, -892129603L, 1612526471L, 711849840L, 
1958510094L, -397614277L, 1961566237L, 907327690L, -1952406552L, 
-1783074607L, -976360253L, 1091810244L, -1925130126L, -1267488441L, 
2142410001L, 1605480598L, -129133068L, 921200517L, -1421830449L, 
-1279335480L, 1043993190L, -141882221L, -762838027L, 764610002L, 
162280992L, -820799479L, -1140253381L, -1611394932L, -1443111654L, 
1726329743L, 156241113L, -1333812370L, 1734914812L, -198770579L, 
-824341481L, 1538477536L, -135276098L, 583651211L, -644771827L, 
407328826L, 2103957624L, 467629089L, -1733589293L, 1264858612L, 
-226847102L, -1212533993L, 112288225L, -1228583130L, -1694000604L, 
-576463659L, 1024478335L, -2103426792L, 637726774L, 364242627L, 
1556876037L, -735023454L, 1978981520L, -411390919L, 1872651499L, 
1354675676L, -1115735030L, -91301121L, 2014434121L, -487692066L, 
-1573300596L, 1820369501L, 360013927L, -297058928L, 1878986158L, 
-211134373L, -1685172163L, -930347350L, -30907576L, -1280907407L, 
1346605283L, 215992292L, -1814814958L, 60572391L, 1139582129L, 
1956775670L, 1564741908L, -1602107867L, -1911252177L, 1375259880L, 
1906535878L, -464544653L, -1874856235L, 85118130L, 216875136L, 
-414765975L, 219379931L, -120443860L, -693644230L, 645661423L, 
-1288192647L, -1420725746L, 1840399324L, -1255166899L, -354615369L, 
-1229266624L, -388626402L, 847789803L, 1830530669L, 927151834L, 
-1129797992L, 1822559489L, 1957671603L, 1122467284L, -541139742L, 
932361591L, -308286271L, 509694022L, -549101692L, 447543605L, 
1881040671L, -271103368L, -97087658L, -1472107037L, 1089127333L, 
36270658L, -282283984L, -652786599L, 1041086923L, -150963652L, 
-1465650070L, -1569184097L, -1589155031L, 161195966L, -2011081044L, 
-556852227L, 1179890503L, 1625371696L, 1370494286L, 1274891643L, 
-1574602019L, 921123594L, 5093928L, -823889263L, -1043189117L, 
-2024393852L, -343615054L, -1482963193L, 1636025681L, 878464214L, 
308390324L, -840516155L, -792007409L, -1760969848L, 1345102502L, 
